polygon=[[0;0],[0.333333;1],[0.666667;1.1],[1;0.15]];
curve=[[0;0],[0.010101;0.0300274],[0.020202;0.0595029],[0.030303;0.0884256],[0.040404;0.116795],[0.050505;0.144609],[0.0606061;0.171867],[0.0707071;0.19857],[0.0808081;0.224714],[0.0909091;0.250301],[0.10101;0.275328],[0.111111;0.299794],[0.121212;0.3237],[0.131313;0.347043],[0.141414;0.369824],[0.151515;0.39204],[0.161616;0.413692],[0.171717;0.434778],[0.181818;0.455297],[0.191919;0.475248],[0.20202;0.494631],[0.212121;0.513444],[0.222222;0.531687],[0.232323;0.549359],[0.242424;0.566458],[0.252525;0.582984],[0.262626;0.598936],[0.272727;0.614313],[0.282828;0.629113],[0.292929;0.643337],[0.30303;0.656983],[0.313131;0.67005],[0.323232;0.682538],[0.333333;0.694444],[0.343434;0.70577],[0.353535;0.716512],[0.363636;0.726672],[0.373737;0.736247],[0.383838;0.745236],[0.393939;0.75364],[0.40404;0.761456],[0.414141;0.768684],[0.424242;0.775324],[0.434343;0.781373],[0.444444;0.786831],[0.454545;0.791698],[0.464646;0.795972],[0.474747;0.799652],[0.484848;0.802738],[0.494949;0.805229],[0.50505;0.807122],[0.515152;0.808419],[0.525253;0.809117],[0.535354;0.809216],[0.545455;0.808715],[0.555556;0.807613],[0.565657;0.805909],[0.575758;0.803602],[0.585859;0.800691],[0.59596;0.797176],[0.606061;0.793055],[0.616162;0.788327],[0.626263;0.782991],[0.636364;0.777047],[0.646465;0.770494],[0.656566;0.76333],[0.666667;0.755556],[0.676768;0.747169],[0.686869;0.738168],[0.69697;0.728554],[0.707071;0.718325],[0.717172;0.70748],[0.727273;0.696018],[0.737374;0.683938],[0.747475;0.67124],[0.757576;0.657922],[0.767677;0.643984],[0.777778;0.629424],[0.787879;0.614242],[0.79798;0.598436],[0.808081;0.582006],[0.818182;0.564951],[0.828283;0.54727],[0.838384;0.528962],[0.848485;0.510026],[0.858586;0.490461],[0.868687;0.470266],[0.878788;0.449441],[0.888889;0.427984],[0.89899;0.405894],[0.909091;0.38317],[0.919192;0.359813],[0.929293;0.33582],[0.939394;0.31119],[0.949495;0.285924],[0.959596;0.260019],[0.969697;0.233475],[0.979798;0.206291],[0.989899;0.178467],[1;0.15]];